pow_: 2022-10-08 12:55:20.040476
pow_: 2022-10-08 12:56:45.003536
pow_: 2022-10-08 12:56:51.380603
