sum_: 2022-10-08 12:55:20.040396
sum_: 2022-10-08 12:56:45.003387
sum_: 2022-10-08 12:56:51.380518
